{
  "advancedEditorSelectedIdentifier" : "ProjectBrowser",
  "openSceneRelativePaths" : [
    "Scene.usda",
    "ImmersiveScene.usda"
  ],
  "recentIdentifiers" : {
    "DEDF31AB-4CD8-4A10-B720-B701A860A26F" : [

    ]
  },
  "sceneCameraHistory" : {
    "90C576A0-F90A-43B8-9998-14918A66F863" : [
      {
        "date" : 736639001.195404,
        "title" : "Untitled",
        "transform" : [
          1,
          0,
          -0,
          0,
          -0,
          0.8660253,
          -0.5000002,
          0,
          0,
          0.5000002,
          0.8660253,
          0,
          0,
          0.39002746,
          0.6755474,
          1
        ]
      }
    ],
    "DEDF31AB-4CD8-4A10-B720-B701A860A26F" : [
      {
        "date" : 736640888.336418,
        "title" : "Untitled",
        "transform" : [
          0.88343686,
          1.233373e-06,
          0.46855015,
          0,
          0.18401271,
          0.9196538,
          -0.3469527,
          0,
          -0.43090436,
          0.39273,
          0.81245583,
          0,
          -0.837245,
          1.7595836,
          2.3129323,
          1
        ]
      },
      {
        "date" : 736640469.11487,
        "title" : "Untitled",
        "transform" : [
          0.9304821,
          1.233373e-06,
          0.36633727,
          0,
          0.14387059,
          0.9196538,
          -0.3654287,
          0,
          -0.3369039,
          0.39273,
          0.85572124,
          0,
          -0.13750204,
          0.27902782,
          0.34133875,
          1
        ]
      },
      {
        "date" : 736639785.342022,
        "title" : "Untitled",
        "transform" : [
          0.9304821,
          1.233373e-06,
          0.36633727,
          0,
          0.14387059,
          0.9196538,
          -0.3654287,
          0,
          -0.3369039,
          0.39273,
          0.85572124,
          0,
          -0.13750193,
          0.27902764,
          -0.65866137,
          1
        ]
      },
      {
        "date" : 736639770.737611,
        "title" : "Untitled",
        "transform" : [
          0.9304821,
          1.233373e-06,
          0.36633727,
          0,
          0.14387059,
          0.9196538,
          -0.3654287,
          0,
          -0.3369039,
          0.39273,
          0.85572124,
          0,
          -0.13750175,
          0.27902782,
          -1.6586615,
          1
        ]
      },
      {
        "date" : 736639723.350952,
        "title" : "Untitled",
        "transform" : [
          0.9304821,
          1.233373e-06,
          0.36633727,
          0,
          0.14387059,
          0.9196538,
          -0.3654287,
          0,
          -0.3369039,
          0.39273,
          0.85572124,
          0,
          -0.13252951,
          0.31809282,
          0.40357077,
          1
        ]
      },
      {
        "date" : 736639678.948922,
        "title" : "Untitled",
        "transform" : [
          0.9304821,
          1.233373e-06,
          0.36633727,
          0,
          0.14387059,
          0.9196538,
          -0.3654287,
          0,
          -0.3369039,
          0.39273,
          0.85572124,
          0,
          -0.0724878,
          0.29763666,
          0.436598,
          1
        ]
      },
      {
        "date" : 736639670.524204,
        "title" : "Untitled",
        "transform" : [
          0.9304821,
          1.233373e-06,
          0.36633727,
          0,
          0.14387059,
          0.9196538,
          -0.3654287,
          0,
          -0.3369039,
          0.39273,
          0.85572124,
          0,
          -0.06303406,
          0.052438736,
          0.15251923,
          1
        ]
      },
      {
        "date" : 736639485.276658,
        "title" : "Untitled",
        "transform" : [
          0.9304821,
          1.233373e-06,
          0.36633727,
          0,
          0.14387059,
          0.9196538,
          -0.3654287,
          0,
          -0.3369039,
          0.39273,
          0.85572124,
          0,
          -17.176847,
          16.100466,
          48.94888,
          1
        ]
      },
      {
        "date" : 736639477.823234,
        "title" : "Untitled",
        "transform" : [
          0.9304821,
          1.233373e-06,
          0.36633727,
          0,
          0.14387059,
          0.9196538,
          -0.3654287,
          0,
          -0.3369039,
          0.39273,
          0.85572124,
          0,
          -0.046456933,
          0.043545723,
          0.13238835,
          1
        ]
      },
      {
        "date" : 736639372.862453,
        "title" : "Untitled",
        "transform" : [
          0.9304821,
          1.2310711e-06,
          0.36633727,
          0,
          0.14387059,
          0.91965383,
          -0.3654287,
          0,
          -0.3369039,
          0.39272997,
          0.85572124,
          0,
          -1.6228352,
          2.0802221,
          3.6764212,
          1
        ]
      }
    ]
  },
  "selectedSceneRelativePath" : "ImmersiveScene.usda"
}